238
285
500
125
255
243
111
277
283
273
320
0
241
333
0
176
283
263
159
228
125
0
142
0
62
287
281
258
333
325
222
253
250
210
250
0
253
192
288
275
241
1000
142
305
0
152
142
247
0
215
117
283
255
266
221
0
183
333
131
292
1000
269
255
304
247
212
264
240
262
215
242
177
333
257
241
200
105
0
285
242
230
169
416
196
296
289
257
0
0
142
255
0
286
500
0
220
105
241
0
200
248
0
147
257
281
250
285
307
263
250
265
188
191
0
210
323
257
66
250
0
200
272
296
285
169
64
0
0
0
250
250
200
311
161
0
210
0
0
267
300
253
287
257
244
300
157
300
240
0
150
263
222
214
268
171
333
250
253
55
287
272
281
305
0
303
90
270
0
206
219
0
333
0
304
0
166
500
205
269
117
333
0
71
0
76
234
242
256
301
252
299
276
275
267
254
236
212
250
301
200
263
0
142
315
120
231
200
136
0
230
125
333
292
301
250
71
263
243
0
0
207
280
257
117
166
246
0
0
0
0
255
0
71
285
239
222
666
341
142
200
246
236
289
214
274
239
173
293
263
246
333
0
221
0
264
315
232
286
283
153
272
285
0
200
68
260
0
247
251
0
250
0
249
265
288
289
221
250
165
0
272
111
106
0
264
0
103
299
274
0
271
272
246
333
284
192
270
306
0
166
282
0
500
275
166
750
275
71
222
270
142
276
300
291
192
160
181
258
203
166
100
0
0
281
187
278
226
269
264
0
271
292
266
0
0
226
160
298
319
271
225
250
238
285
253
500
0
250
307
301
211
250
293
0
317
293
320
283
0
219
71
304
260
100
200
0
291
287
62
0
218
320
173
27
247
400
0
333
314
256
192
222
0
256
262
0
200
0
297
320
142
230
166
292
55
230
243
333
289
0
220
76
274
268
291
217
333
262
266
222
253
171
248
306
200
100
288
0
0
217
206
320
271
138
260
268
150
250
280
277
221
261
200
256
246
200
254
200
310
1000
291
157
0
308
228
213
195
274
500
250
241
289
0
268
222
262
296
248
333
246
0
247
193
166
0
240
266
333
250
271
300
172
289
262
78
0
133
333
248
100
0
283
500
0
0
248
277
280
0
0
171
225
0
236
266
266
259
260
84
272
243
125
259
278
265
0
335
272
0
0
0
137
95
262
196
0
0
333
216
0
162
283
335
257
0
279
0
291
278
247
222
285
0
279
153
236
271
219
295
284
239
200
0
0
254
272
171
0
202
133
156
0
500
310
159
220
140
86
267
285
240
305
0
241
333
280
0
305
254
254
294
111
333
208
277
0
500
142
237
290
260
166
238
256
243
0
250
0
247
263
216
0
0
333
304
240
280
271
0
272
666
0
142
227
363
75
206
214
295
228
251
211
276
283
0
238
87
278
0
0
0
294
145
166
155
321
0
153
83
200
260
128
272
0
256
181
201
251
0
250
307
240
274
0
0
285
200
181
250
250
52
136
172
289
151
304
220
0
0
301
300
299
74
205
136
0
0
178
0
275
0
275
500
146
284
265
400
214
215
101
500
189
0
263
269
188
179
234
254
0
160
291
297
254
210
0
274
121
181
217
232
281
80
265
150
0
238
268
251
148
312
275
256
0
289
316
338
1000
250
261
251
90
0
229
329
238
0
0
231
185
218
194
0
302
0
0
219
250
292
289
255
142
0
113
250
310
254
200
0
0
223
276
221
0
290
214
0
0
200
272
0
261
257
271
395
313
274
0
271
320
275
295
268
333
150
1000
333
234
289
266
209
160
222
352
269
166
146
230
0
333
250
263
345
255
0
291
279
271
0
166
0
260
125
75
0
94
0
268
250
187
246
219
0
200
103
263
200
0
329
22
291
298
0
0
400
229
0
271
0
289
243
189
147
275
0
275
202
166
268
96
221
0
0
63
500
236
220
275
0
125
133
274
248
0
250
293
206
257
303
294
300
235
287
290
181
246
301
304
100
229
196
153
108
219
207
166
0
200
206
163
272
157
500
225
240
0
66
308
201
240
222
321
251
290
153
198
230
186
280
170
500
88
307
280
0
238
196
250
0
294
275
0
245
271
111
0
333
0
250
288
304
0
0
260
0
0
175
187
228
96
238
250
142
157
269
234
0
250
0
0
312
241
258
247
249
119
260
233
425
0
100
304
0
152
263
185
136
257
100
176
258
260
197
274
359
1000
153
249
111
283
0
0
306
145
0
0
0
278
0
270
274
330
303
300
132
251
396
142
