248
316
0
245
66
0
288
168
237
121
200
205
198
265
138
239
0
340
192
231
238
142
0
29
263
136
285
0
231
287
177
253
179
222
195
251
0
217
247
0
278
169
146
264
192
0
245
256
230
303
185
0
157
0
285
0
179
220
267
250
0
100
242
324
233
52
152
285
285
0
247
0
291
171
288
276
259
200
333
278
186
239
105
278
211
242
231
283
256
0
0
197
327
266
307
222
181
0
0
234
428
217
100
0
500
226
200
0
257
133
166
188
271
210
0
0
263
246
228
232
301
312
83
301
148
271
222
150
333
263
314
1000
55
153
272
197
125
0
260
226
166
171
0
258
333
236
221
291
258
0
200
301
255
268
333
500
0
100
275
246
0
0
238
280
181
241
0
142
212
185
224
125
283
229
173
250
111
32
333
223
220
100
0
0
333
235
200
333
0
222
250
221
237
127
246
300
246
256
270
200
331
132
195
117
333
222
241
200
195
208
235
243
281
243
292
0
0
1000
0
217
247
0
150
0
111
250
241
195
242
100
254
0
0
157
224
311
0
227
76
214
58
0
214
254
0
142
197
242
175
150
252
0
266
0
220
212
191
269
0
300
0
0
190
179
271
181
268
89
111
284
274
258
219
93
249
272
0
150
666
112
0
125
246
52
0
0
216
232
76
220
83
250
92
240
111
0
222
276
0
0
83
219
178
259
127
205
273
288
259
218
0
200
213
200
274
210
171
111
176
244
142
0
250
165
0
255
61
262
0
26
288
254
0
160
133
216
250
282
253
0
261
0
157
66
217
187
300
234
234
278
283
150
1000
275
166
238
86
277
300
0
266
288
0
0
225
224
265
226
225
0
272
0
225
200
245
0
233
76
0
0
266
187
152
210
0
90
207
58
209
250
263
142
0
37
217
187
0
81
268
185
272
315
202
125
0
0
134
229
261
125
276
221
125
236
283
175
0
0
220
274
233
213
0
270
215
161
243
238
333
172
230
271
0
280
267
270
0
223
37
333
0
0
271
232
285
500
251
156
187
277
251
205
273
0
285
272
228
0
175
0
263
302
244
256
0
162
0
262
210
105
0
0
218
160
230
0
235
0
281
245
250
125
207
253
0
0
247
258
0
245
166
500
286
293
136
115
174
0
262
195
274
240
200
0
60
206
0
285
200
0
361
304
197
275
193
0
224
0
133
281
203
211
230
256
333
259
250
100
0
247
0
176
250
267
156
0
0
400
68
320
111
220
233
111
114
287
290
253
181
247
249
251
300
243
176
187
66
0
278
0
0
234
400
0
166
271
275
169
187
290
250
315
273
128
0
290
335
0
250
0
156
200
181
184
276
0
150
213
208
235
0
500
225
232
250
137
313
171
287
0
0
315
172
233
0
254
273
190
0
157
220
187
0
0
155
177
282
235
243
0
200
230
100
233
206
179
245
341
318
0
261
0
278
50
234
212
375
262
288
196
283
221
135
248
269
274
245
270
232
142
83
90
235
258
254
153
111
0
0
0
333
270
250
55
0
259
217
160
187
0
262
0
232
261
269
236
271
300
304
200
301
192
256
258
268
152
200
0
317
100
0
0
292
0
142
277
222
252
135
244
276
254
333
285
262
52
0
200
200
170
0
270
259
113
278
40
0
0
216
0
0
266
253
243
267
0
218
333
257
234
333
301
230
0
310
270
315
244
0
0
295
271
207
176
0
0
206
0
200
273
285
0
282
261
0
266
0
225
500
241
201
264
0
211
294
287
306
286
195
312
0
280
571
251
286
250
120
236
271
105
333
150
166
210
250
222
0
111
181
243
47
192
227
230
262
267
0
252
184
0
178
0
295
235
281
251
183
0
0
268
166
148
0
0
0
219
176
200
250
229
196
266
278
190
231
318
0
111
250
245
260
85
272
162
284
181
0
191
225
1000
1000
208
0
234
200
90
267
245
187
233
285
0
166
76
58
275
244
118
167
216
253
312
0
0
266
201
348
0
263
166
223
251
253
267
292
0
221
236
261
100
130
301
290
230
200
285
287
350
142
294
176
0
100
288
83
241
213
272
284
287
251
208
225
281
111
239
286
250
205
142
106
215
236
250
500
300
0
248
0
0
252
0
0
0
83
133
0
287
234
339
230
100
340
161
0
208
270
310
269
231
248
214
281
240
297
274
240
224
250
333
231
268
0
209
500
0
114
278
37
254
34
50
180
166
271
205
170
246
333
0
272
307
273
292
232
80
192
120
200
0
307
139
214
166
209
232
250
0
238
0
142
248
73
232
0
62
166
269
0
283
343
0
204
281
301
228
0
0
181
280
271
198
